| Run on Wed Jul  9 18:02:06 2025
| GB non-polar solvation energies calculated with gbsa=2
idecomp = 1: Per-residue decomp adding 1-4 interactions to Internal.
Energy Decomposition Analysis (All units kcal/mol): Generalized Born solvent
DELTAS:
Total Energy Decomposition:
Residue,Location,Internal,,,van der Waals,,,Electrostatic,,,Polar Solvation,,,Non-Polar Solv.,,,TOTAL,,
,,Avg.,Std. Dev.,Std. Err. of Mean,Avg.,Std. Dev.,Std. Err. of Mean,Avg.,Std. Dev.,Std. Err. of Mean,Avg.,Std. Dev.,Std. Err. of Mean,Avg.,Std. Dev.,Std. Err. of Mean
  G   1,R   G   1,0.0,0.0,0.0,-0.0015899999999999625,0.0006796322535019004,6.796322535019003e-05,-0.10172999999999924,0.028320259532708964,0.0028320259532708964,0.11208999999999975,0.030030682642925487,0.0030030682642925486,0.0,0.0,0.0,0.008769999999999953,0.002675275686727932,0.0002675275686727932
  G   2,R   G   2,0.0,0.0,0.0,-0.0023299999999999697,0.0007355949972642806,7.355949972642806e-05,-0.4308200000000045,0.09330309533986646,0.009330309533986645,0.4492400000000049,0.09578654602813612,0.009578654602813612,0.0,0.0,0.0,0.01608999999999952,0.0034959834095679297,0.000349598340956793
  C   3,R   C   3,0.0,0.0,0.0,-0.00351000000000008,0.0007809609465267236,7.809609465267236e-05,-0.2845799999999991,0.06413613334150803,0.006413613334150803,0.29990999999999646,0.06555762274518265,0.006555762274518265,0.0,0.0,0.0,0.011819999999993343,0.0023254246923926887,0.00023254246923926888
  G   4,R   G   4,0.0,0.0,0.0,-0.01532,0.0032829255245894915,0.00032829255245894913,-0.43426999999999794,0.09304943363610586,0.009304943363610586,0.45614999999999895,0.09349389017470747,0.009349389017470747,0.0,0.0,0.0,0.006560000000002333,0.010816025147904813,0.0010816025147904814
  A   5,R   A   5,0.0,0.0,0.0,-0.10051999999999996,0.021551092779717847,0.0021551092779717846,0.018930000000000575,0.11146660979863092,0.011146660979863093,0.06358000000000004,0.11276862861629562,0.011276862861629561,0.0,0.0,0.0,-0.018009999999999592,0.02815972123441967,0.002815972123441967
  U   6,R   U   6,0.0,0.0,0.0,-1.26148,0.46253716564185426,0.04625371656418543,-0.8286799999999989,1.6995032267106756,0.16995032267106755,0.8503900000000022,0.6734348208252985,0.06734348208252985,-0.09939672,0.03363190740681832,0.0033631907406818317,-1.3391667199999975,1.0255542776718425,0.10255542776718425
  A   7,R   A   7,0.0,0.0,0.0,-1.1329800000000005,0.5244673103254387,0.05244673103254387,0.5498099999999986,0.4921183535492246,0.04921183535492246,0.43101000000000056,0.3724583062572248,0.03724583062572248,-0.028143288000000002,0.02231091124540315,0.002231091124540315,-0.18030328800000148,0.25338973560197914,0.025338973560197913
  C   8,R   C   8,0.0,0.0,0.0,-4.8167,0.6022976755724768,0.06022976755724768,0.82327,0.6290589456481784,0.06290589456481785,0.6307399999999984,0.5503933978528438,0.05503933978528438,-0.3138500879999999,0.02686415071307212,0.002686415071307212,-3.676540088,0.7789808806768644,0.07789808806768644
  C   9,R   C   9,0.0,0.0,0.0,-0.3229599999999999,0.035683026777447314,0.0035683026777447316,0.40629999999999766,0.15561847576685509,0.015561847576685509,-0.20612999999999715,0.15972561817065856,0.015972561817065856,0.0,0.0,0.0,-0.12278999999999911,0.06503757298669793,0.0065037572986697935
  A  10,R   A  10,0.0,0.0,0.0,-0.053419999999999954,0.00908975247187729,0.0009089752471877291,0.05943999999999931,0.11889535903474169,0.011889535903474168,-0.001279999999999859,0.11981828574971434,0.011981828574971435,0.0,0.0,0.0,0.004739999999999895,0.01543672245005414,0.001543672245005414
  G  11,R   G  11,0.0,0.0,0.0,-0.012849999999999789,0.0019306734576309457,0.00019306734576309456,0.007269999999999754,0.09296417105530762,0.009296417105530762,0.010560000000000968,0.09205132481393523,0.009205132481393524,0.0,0.0,0.0,0.004980000000003315,0.00954670623828204,0.0009546706238282041
  C  12,R   C  12,0.0,0.0,0.0,-0.003030000000000026,0.0005736723803706509,5.736723803706509e-05,-0.13037999999999925,0.05385643508439958,0.0053856435084399575,0.143959999999999,0.05338013113509419,0.005338013113509419,0.0,0.0,0.0,0.010550000000001773,0.0018567444627639123,0.00018567444627639123
  C  13,R   C  13,0.0,0.0,0.0,-0.00100999999999976,0.0003315116890848763,3.315116890848763e-05,-0.08454999999999842,0.03775324489365155,0.0037753244893651548,0.09061999999999841,0.037553370021876406,0.0037553370021876408,0.0,0.0,0.0,0.005059999999999434,0.001164645868928865,0.0001164645868928865
  G  14,R   G  14,0.0,0.0,0.0,-0.0005599999999999738,0.0004963869458396111,4.963869458396111e-05,-0.057670000000000526,0.033861203463552224,0.0033861203463552226,0.05783000000000527,0.0336107289418099,0.00336107289418099,0.0,0.0,0.0,-0.00039999999999707826,0.001140175425101292,0.0001140175425101292
  A  15,R   A  15,0.0,0.0,0.0,-0.00017000000000001237,0.00037563279941988623,3.756327994198862e-05,-0.013979999999999534,0.026357913422727773,0.002635791342272777,0.014000000000001478,0.026328311757498956,0.0026328311757498955,0.0,0.0,0.0,-0.00014999999999901092,0.0007664854858369676,7.664854858369675e-05
  A  16,R   A  16,0.0,0.0,0.0,-0.0003500000000000014,0.00047696960070847466,4.769696007084747e-05,0.015439999999999543,0.03682019011357677,0.003682019011357677,-0.01265000000000157,0.03665634324370273,0.0036656343243702733,0.0,0.0,0.0,0.0024399999999965873,0.001651181395244561,0.0001651181395244561
  A  17,R   A  17,0.0,0.0,0.0,-0.0006199999999999228,0.0005055689863905369,5.0556898639053695e-05,0.06359000000000037,0.04517102943258946,0.004517102943258946,-0.055780000000002584,0.044537081179619416,0.004453708117961941,0.0,0.0,0.0,0.007189999999997667,0.0019884416008561336,0.00019884416008561335
  G  18,R   G  18,0.0,0.0,0.0,-0.0015300000000003776,0.0005908468498689744,5.9084684986897436e-05,0.11250999999999949,0.05501663293950349,0.005501663293950349,-0.10010999999999683,0.054085653365749296,0.00540856533657493,0.0,0.0,0.0,0.010869999999999323,0.0024234479569401625,0.00024234479569401626
  G  19,R   G  19,0.0,0.0,0.0,-0.0034199999999999873,0.0008146164741768412,8.146164741768412e-05,0.08011000000000394,0.07555579329211072,0.007555579329211072,-0.06246000000000436,0.07445353181682914,0.0074453531816829135,0.0,0.0,0.0,0.01422999999999888,0.0036492601990012236,0.00036492601990012236
  C  20,R   C  20,0.0,0.0,0.0,-0.008280000000000154,0.0018497567407634822,0.00018497567407634822,-0.21296999999999855,0.08299716320453158,0.00829971632045316,0.24314999999999884,0.08162246933289796,0.008162246933289796,0.0,0.0,0.0,0.02189999999999941,0.005795688052335948,0.0005795688052335948
  C  21,R   C  21,0.0,0.0,0.0,-0.045720000000000045,0.011763570886427011,0.001176357088642701,-0.6448399999999959,0.13475627777583743,0.013475627777583743,0.7609999999999997,0.14475938656957552,0.014475938656957552,0.0,0.0,0.0,0.0704400000000041,0.023259974204628622,0.0023259974204628622
  C  22,R   C  22,0.0,0.0,0.0,-0.2508999999999999,0.6414094869893959,0.06414094869893959,-10.997950000000001,1.1645969377857386,0.11645969377857386,7.507160000000002,0.5069475262786132,0.050694752627861314,-0.043582392000000005,0.012740192376064717,0.0012740192376064718,-3.785272391999998,0.7746835427894561,0.0774683542789456
  U  23,R   U  23,0.0,0.0,0.0,-1.11304,0.23350237343547306,0.023350237343547305,-1.2197300000000006,0.3884876537291775,0.038848765372917746,1.3626800000000003,0.31763242529691205,0.031763242529691205,-0.003752856000000003,0.0037933571347902343,0.00037933571347902343,-0.9738428560000031,0.2773657497966792,0.027736574979667923
  U  24,R   U  24,0.0,0.0,0.0,-0.6255400000000005,0.5076824483867841,0.05076824483867841,-4.114340000000002,0.8144257390333416,0.08144257390333416,2.74631,0.3558773579479313,0.03558773579479313,-0.049158288000000015,0.013471997533976003,0.0013471997533976003,-2.0427282880000055,0.5329177409631218,0.05329177409631218
  G  25,R   G  25,0.0,0.0,0.0,-0.08904000000000005,0.022143585978788728,0.0022143585978788728,-0.7210700000000005,0.14183760115004412,0.014183760115004412,0.8086700000000013,0.1437711414018802,0.014377114140188019,0.0,0.0,0.0,-0.0014399999999972124,0.036986029795049495,0.0036986029795049494
  G  26,R   G  26,0.0,0.0,0.0,-1.63075,0.49087145720646547,0.04908714572064655,-1.0063100000000011,0.7492793163433797,0.07492793163433797,1.1321200000000022,0.5850887843737924,0.058508878437379244,-0.073702656,0.03591831460043835,0.0035918314600438352,-1.5786426560000002,0.7122021461428325,0.07122021461428325
  C  27,R   C  27,0.0,0.0,0.0,-0.02023999999999999,0.00992080641883513,0.0009920806418835131,-0.1150699999999972,0.06585001974183316,0.006585001974183316,0.20017999999999972,0.06823611653662844,0.006823611653662844,0.0,0.0,0.0,0.06487000000000392,0.021309929610392974,0.0021309929610392976
  A  28,R   A  28,0.0,0.0,0.0,-3.8919899999999994,0.655391203709664,0.0655391203709664,-0.13926000000000158,0.41048679930053605,0.04104867993005361,1.1695899999999977,0.4093938713512937,0.04093938713512937,-0.31959287999999986,0.03842380523448512,0.003842380523448512,-3.181252880000003,0.6064794856605642,0.06064794856605642
  G  29,R   G  29,0.0,0.0,0.0,-0.3939199999999999,0.06562128922841932,0.006562128922841933,-0.3702000000000007,0.17373819384349765,0.017373819384349766,0.37361000000000044,0.2051496475746459,0.02051496475746459,-0.001307664000000004,0.0032512717180672524,0.00032512717180672524,-0.391817664000001,0.12733092552284525,0.012733092552284525
  C  30,R   C  30,0.0,0.0,0.0,-0.04007999999999974,0.005972738065577461,0.0005972738065577461,0.11796000000000248,0.11970262486679217,0.011970262486679217,-0.05748000000000388,0.11708641936621145,0.011708641936621144,0.0,0.0,0.0,0.020399999999999068,0.01264990118538681,0.001264990118538681
  G  31,R   G  31,0.0,0.0,0.0,-0.007699999999999925,0.0011874342087039923,0.00011874342087039923,-0.018009999999999023,0.09300521436994791,0.00930052143699479,0.04612999999999943,0.09204125759679842,0.009204125759679842,0.0,0.0,0.0,0.02041999999999973,0.003771418831156374,0.0003771418831156374
  U  32,R   U  32,0.0,0.0,0.0,-0.0021000000000000085,0.00043588989435412647,4.358898943541265e-05,-0.045669999999997796,0.05768328267357813,0.0057683282673578135,0.058550000000001885,0.05755855713966408,0.005755855713966408,0.0,0.0,0.0,0.01078000000000543,0.0012929037087085077,0.00012929037087085077
  C  33,R   C  33,0.0,0.0,0.0,-0.0006099999999998929,0.0004877499359302026,4.8774993593020256e-05,-0.053819999999999625,0.027350824484829762,0.0027350824484829762,0.05756999999999749,0.027353703588363185,0.0027353703588363183,0.0,0.0,0.0,0.0031399999999950977,0.0009697422337934031,9.697422337934032e-05
TEP  34,L TEP   1,0.0,0.0,0.0,-15.85401,1.1909351997065265,0.11909351997065265,-19.77132,2.2507729067144817,0.22507729067144816,23.42402,0.97011326122264,0.097011326122264,-2.1162761999999997,0.07094140232947488,0.007094140232947488,-14.317586199999996,1.4120159027335861,0.1412015902733586

idecomp = 1: Per-residue decomp adding 1-4 interactions to Internal.
Energy Decomposition Analysis (All units kcal/mol): Poisson Boltzmann solvent
DELTAS:
Total Energy Decomposition:
Residue,Location,Internal,,,van der Waals,,,Electrostatic,,,Polar Solvation,,,Non-Polar Solv.,,,TOTAL,,
,,Avg.,Std. Dev.,Std. Err. of Mean,Avg.,Std. Dev.,Std. Err. of Mean,Avg.,Std. Dev.,Std. Err. of Mean,Avg.,Std. Dev.,Std. Err. of Mean,Avg.,Std. Dev.,Std. Err. of Mean
  G   1,R   G   1,0.0,0.0,0.0,-0.0015899999999999625,0.0006796322535019004,6.796322535019003e-05,-0.10172999999999924,0.028320259532708964,0.0028320259532708964,0.11177999999999998,0.028711523818843017,0.0028711523818843016,0.0,0.0,0.0,0.008460000000001315,0.005314922388895087,0.0005314922388895087
  G   2,R   G   2,0.0,0.0,0.0,-0.0023299999999999697,0.0007355949972642806,7.355949972642806e-05,-0.4308200000000045,0.09330309533986646,0.009330309533986645,0.4652500000000026,0.09158191688318928,0.00915819168831893,0.0,0.0,0.0,0.032099999999997235,0.017386489007273773,0.0017386489007273774
  C   3,R   C   3,0.0,0.0,0.0,-0.00351000000000008,0.0007809609465267236,7.809609465267236e-05,-0.2845799999999991,0.06413613334150803,0.006413613334150803,0.3062900000000019,0.06369478707084471,0.0063694787070844704,0.0,0.0,0.0,0.018200000000003626,0.017004705231195114,0.0017004705231195114
  G   4,R   G   4,0.0,0.0,0.0,-0.01532,0.0032829255245894915,0.00032829255245894913,-0.43426999999999794,0.09304943363610586,0.009304943363610586,0.4541700000000003,0.09294149288665576,0.009294149288665576,0.0,0.0,0.0,0.004580000000003679,0.022538491520065106,0.0022538491520065107
  A   5,R   A   5,0.0,0.0,0.0,-0.10051999999999996,0.021551092779717847,0.0021551092779717846,0.018930000000000575,0.11146660979863092,0.011146660979863093,0.07671999999999969,0.12246763490816923,0.012246763490816923,0.0,0.0,0.0,-0.004869999999999947,0.05235010124154673,0.005235010124154673
  U   6,R   U   6,0.0,0.0,0.0,-1.26148,0.46253716564185426,0.04625371656418543,-0.8286799999999989,1.6995032267106756,0.16995032267106755,0.7599600000000021,0.6716114936479258,0.06716114936479259,0.0,0.0,0.0,-1.3301999999999967,1.1070522661554867,0.11070522661554867
  A   7,R   A   7,0.0,0.0,0.0,-1.1329800000000005,0.5244673103254387,0.05244673103254387,0.5498099999999986,0.4921183535492246,0.04921183535492246,0.34314000000000194,0.5743506771999093,0.05743506771999093,0.0,0.0,0.0,-0.24003000000000072,0.38608720400966046,0.038608720400966044
  C   8,R   C   8,0.0,0.0,0.0,-4.8167,0.6022976755724768,0.06022976755724768,0.82327,0.6290589456481784,0.06290589456481785,1.410869999999997,0.8339922260429038,0.08339922260429038,0.0,0.0,0.0,-2.5825599999999986,1.019867798491546,0.10198677984915461
  C   9,R   C   9,0.0,0.0,0.0,-0.3229599999999999,0.035683026777447314,0.0035683026777447316,0.40629999999999766,0.15561847576685509,0.015561847576685509,-0.31822,0.16600262528045007,0.016600262528045008,0.0,0.0,0.0,-0.23488000000000453,0.07860474285945063,0.007860474285945062
  A  10,R   A  10,0.0,0.0,0.0,-0.053419999999999954,0.00908975247187729,0.0009089752471877291,0.05943999999999931,0.11889535903474169,0.011889535903474168,-0.03033999999999878,0.119596339408865,0.0119596339408865,0.0,0.0,0.0,-0.024319999999998742,0.02401244677245629,0.002401244677245629
  G  11,R   G  11,0.0,0.0,0.0,-0.012849999999999789,0.0019306734576309457,0.00019306734576309456,0.007269999999999754,0.09296417105530762,0.009296417105530762,0.0100200000000018,0.09102175344388835,0.009102175344388836,0.0,0.0,0.0,0.004440000000004147,0.019005956960916306,0.0019005956960916307
  C  12,R   C  12,0.0,0.0,0.0,-0.003030000000000026,0.0005736723803706509,5.736723803706509e-05,-0.13037999999999925,0.05385643508439958,0.0053856435084399575,0.1427200000000039,0.05486257011843488,0.005486257011843488,0.0,0.0,0.0,0.009310000000004664,0.013920987752311691,0.0013920987752311692
  C  13,R   C  13,0.0,0.0,0.0,-0.00100999999999976,0.0003315116890848763,3.315116890848763e-05,-0.08454999999999842,0.03775324489365155,0.0037753244893651548,0.08827999999999918,0.03947279569526723,0.003947279569526723,0.0,0.0,0.0,0.002720000000004745,0.011538700100100139,0.0011538700100100139
  G  14,R   G  14,0.0,0.0,0.0,-0.0005599999999999738,0.0004963869458396111,4.963869458396111e-05,-0.057670000000000526,0.033861203463552224,0.0033861203463552226,0.05827000000000112,0.03613194016379484,0.003613194016379484,0.0,0.0,0.0,3.999999999848569e-05,0.01196738902184263,0.001196738902184263
  A  15,R   A  15,0.0,0.0,0.0,-0.00017000000000001237,0.00037563279941988623,3.756327994198862e-05,-0.013979999999999534,0.026357913422727773,0.002635791342272777,0.011129999999999427,0.028658211737651755,0.0028658211737651756,0.0,0.0,0.0,-0.0030200000000007777,0.010390360917700483,0.0010390360917700483
  A  16,R   A  16,0.0,0.0,0.0,-0.0003500000000000014,0.00047696960070847466,4.769696007084747e-05,0.015439999999999543,0.03682019011357677,0.003682019011357677,-0.020489999999998076,0.039494428721027174,0.003949442872102717,0.0,0.0,0.0,-0.005399999999999636,0.013664552682035733,0.0013664552682035734
  A  17,R   A  17,0.0,0.0,0.0,-0.0006199999999999228,0.0005055689863905369,5.0556898639053695e-05,0.06359000000000037,0.04517102943258946,0.004517102943258946,-0.0651800000000003,0.04794129326582663,0.004794129326582663,0.0,0.0,0.0,-0.0022100000000000366,0.01391063981274664,0.001391063981274664
  G  18,R   G  18,0.0,0.0,0.0,-0.0015300000000003776,0.0005908468498689744,5.9084684986897436e-05,0.11250999999999949,0.05501663293950349,0.005501663293950349,-0.10864000000000146,0.05728342168551068,0.005728342168551068,0.0,0.0,0.0,0.002339999999994973,0.014003013961285437,0.0014003013961285437
  G  19,R   G  19,0.0,0.0,0.0,-0.0034199999999999873,0.0008146164741768412,8.146164741768412e-05,0.08011000000000394,0.07555579329211072,0.007555579329211072,-0.06826000000000193,0.0785450978737719,0.00785450978737719,0.0,0.0,0.0,0.00843000000000103,0.016829292914444162,0.0016829292914444162
  C  20,R   C  20,0.0,0.0,0.0,-0.008280000000000154,0.0018497567407634822,0.00018497567407634822,-0.21296999999999855,0.08299716320453158,0.00829971632045316,0.24111999999999967,0.08552535062775429,0.008552535062775429,0.0,0.0,0.0,0.0198700000000008,0.018689919743014195,0.0018689919743014195
  C  21,R   C  21,0.0,0.0,0.0,-0.045720000000000045,0.011763570886427011,0.001176357088642701,-0.6448399999999959,0.13475627777583743,0.013475627777583743,0.7158100000000013,0.14282560659769436,0.014282560659769437,0.0,0.0,0.0,0.02525000000000432,0.0353492220565068,0.00353492220565068
  C  22,R   C  22,0.0,0.0,0.0,-0.2508999999999999,0.6414094869893959,0.06414094869893959,-10.997950000000001,1.1645969377857386,0.11645969377857386,9.175350000000003,0.819918098043963,0.0819918098043963,0.0,0.0,0.0,-2.0734999999999952,0.8751160208795167,0.08751160208795167
  U  23,R   U  23,0.0,0.0,0.0,-1.11304,0.23350237343547306,0.023350237343547305,-1.2197300000000006,0.3884876537291775,0.038848765372917746,1.8431499999999972,0.5383519178938648,0.053835191789386484,0.0,0.0,0.0,-0.48962000000000555,0.37087703568703195,0.037087703568703195
  U  24,R   U  24,0.0,0.0,0.0,-0.6255400000000005,0.5076824483867841,0.05076824483867841,-4.114340000000002,0.8144257390333416,0.08144257390333416,3.3733099999999996,0.3806925188390276,0.03806925188390276,0.0,0.0,0.0,-1.3665700000000047,0.5669939550824183,0.05669939550824184
  G  25,R   G  25,0.0,0.0,0.0,-0.08904000000000005,0.022143585978788728,0.0022143585978788728,-0.7210700000000005,0.14183760115004412,0.014183760115004412,0.7605800000000005,0.1420596480356059,0.01420596480356059,0.0,0.0,0.0,-0.04952999999999804,0.05552016840752966,0.005552016840752965
  G  26,R   G  26,0.0,0.0,0.0,-1.63075,0.49087145720646547,0.04908714572064655,-1.0063100000000011,0.7492793163433797,0.07492793163433797,1.4796300000000042,0.7475139952535992,0.07475139952535992,0.0,0.0,0.0,-1.1574299999999969,0.6943927311687519,0.06943927311687519
  C  27,R   C  27,0.0,0.0,0.0,-0.02023999999999999,0.00992080641883513,0.0009920806418835131,-0.1150699999999972,0.06585001974183316,0.006585001974183316,0.1406700000000012,0.06837076202587501,0.0068370762025875016,0.0,0.0,0.0,0.005360000000006266,0.02296062716913389,0.002296062716913389
  A  28,R   A  28,0.0,0.0,0.0,-3.8919899999999994,0.655391203709664,0.0655391203709664,-0.13926000000000158,0.41048679930053605,0.04104867993005361,2.0399799999999986,0.5918480544869636,0.059184805448696365,0.0,0.0,0.0,-1.991270000000003,0.5894124507507492,0.05894124507507492
  G  29,R   G  29,0.0,0.0,0.0,-0.3939199999999999,0.06562128922841932,0.006562128922841933,-0.3702000000000007,0.17373819384349765,0.017373819384349766,0.21938999999999736,0.23679526578882137,0.023679526578882136,0.0,0.0,0.0,-0.5447300000000044,0.16349225394494737,0.016349225394494737
  C  30,R   C  30,0.0,0.0,0.0,-0.04007999999999974,0.005972738065577461,0.0005972738065577461,0.11796000000000248,0.11970262486679217,0.011970262486679217,-0.07286999999999466,0.12192773720528415,0.012192773720528415,0.0,0.0,0.0,0.005010000000012553,0.02374426035908053,0.002374426035908053
  G  31,R   G  31,0.0,0.0,0.0,-0.007699999999999925,0.0011874342087039923,0.00011874342087039923,-0.018009999999999023,0.09300521436994791,0.00930052143699479,0.04380999999999915,0.09314319030396004,0.009314319030396003,0.0,0.0,0.0,0.018099999999999738,0.018813027401243916,0.0018813027401243915
  U  32,R   U  32,0.0,0.0,0.0,-0.0021000000000000085,0.00043588989435412647,4.358898943541265e-05,-0.045669999999997796,0.05768328267357813,0.0057683282673578135,0.05947999999999695,0.058404020409560733,0.005840402040956073,0.0,0.0,0.0,0.01171000000000049,0.01566607481151952,0.001566607481151952
  C  33,R   C  33,0.0,0.0,0.0,-0.0006099999999998929,0.0004877499359302026,4.8774993593020256e-05,-0.053819999999999625,0.027350824484829762,0.0027350824484829762,0.06156000000000063,0.028250423005682205,0.0028250423005682203,0.0,0.0,0.0,0.007129999999999086,0.00938898823090031,0.000938898823090031
TEP  34,L TEP   1,0.0,0.0,0.0,-15.85401,1.1909351997065265,0.11909351997065265,-19.77132,2.2507729067144817,0.22507729067144816,22.248849999999997,0.9574013722050341,0.09574013722050341,0.0,0.0,0.0,-13.376479999999997,1.615101708747838,0.1615101708747838

